100
7733893427195311966783811826
42073836439627076356725027215747071307546043633229988920058259060889406237
4078337733702
97653890860116105151192660029359676890883265957377372002587431
69955691023442906906611629015940982243788827687061161422851667
050799518725156861130603907120990357018288839331699947229815997138920929631930965558253835996949
938999748670703702908876781844796588263923155087885526408623943608302088
733562414079457662232318841752201300288428965506167951
77473917132468437909753137431031815626561896307127268766753817503088262376223954087717737234829506
901215402286269
874979610386063111490350685733421549024676023715
88861749229347671446070074036393008799
0581387684551803543315686620686472707745126461663975842713279189
411441439489911773759416511
46654844975386906460753496445991616188783018747028383
353749008931020576112345950
30864014967024553693969047518961584622829433982126524388
92034735672488641626849097558953231091577306
364710565171322329722
16894595521593742100200587568952660959087071660776043139127
77321273351103010946759184901639678459007656368346261057576421
20825489097986143328013052587555351599533344120961515320718305677189461437
0860903817673
25056666366
89148493063953405793377
859874075698975411352277864992528497921381984448673652126148579354375034668623259215560340142
57766627752636146
17620219593535368511389858768489332451353267947290775501593401713091774979244615629
85797328830943116077075778992271582621878589321965255101279633
41589268654348672564554996327035971851222020259558733071855770372705290658
971401477926415500781110156238153985842
1173191880902820016641829858816674188455502476450220821468
6554614242153205893427056473542827630379
81171065233892532754950269087103087612
068216426214815503246140049766879054733518456350610300
729569805848754999360756312622870009011827
011486506048660211183360367569108523802904705326685977
8031825
808483851649716028419971540366845657091587147613497525669607056607306982639040962185142558628744482
17305130203616847005502947183956152682259374542508131224121297950
264758232783974641887229703339288723533445881112044379330
4600126863257427001712135431169297336501792493949265034427665049396440131077030493494920
92771839747605444890103831073545694531422796434844452232609604616
2479995967408759118004040453832571189200945262977427920
766259051820940395775749872203250015959681752864650967685949404929547733985764854848739494215480
83824711711432129882814194974
0247039256247074370237667607892
2942396846782281191088970827285
01386783112399789674629181119663814967884273189835576548359152866
38127460870583997335415038769017615448710949885879194298996463041614379655593249728030493
459952509
829163456867626262444153715752111515550085352289488517910012967711352656718051710179963318531
185900200213555630413880553529895499119506861784880116621809
775925716540578764416655656331002964010199323262239502559006678331313391895110366
398679479251368760166969937687118315322601231394159984797826400617594781565235753640394586782049
460140024047466644519760325
0675666572252254417914033597835468221860241775749009005335356176125
903342732968683303822470443772371035192
3552346243
3105349070872976249033
240403075098870412605630521594625880215970646961991388374860967021555586079054002
29037638980047176608735281124889277513486
3872289605338393679238655369451825054182473976308
137178730253228997168751589002
031516000047808951374746353962385212458788031223924891090675586067924186973185604601462091683
4370490134325326817755037530787608904389356944196670684253610595693459165652588297511663554159936
31638704845174825640725162718520467592993653691918953355
456736610453122814374870936171990740540954315613828545440
718100890608419095099976674516044299271419
112713175701389477229761886419215949356722660195212326
2866715076269648555820755174575104773314625206010
377388658255182462191301779420756701043575761240236004302494091461272494767875201966118646337970
67785640881520665086931188736421332705722624799706955261468133706379754233156060854
1261144405869572169817478891383147798596930365436783083446593
826652052351584459672004611321143417350942277897
48987179251668283473377941722018345561325216195
22543478452156440338154378046972665009366
848509202441038329979621447245019323904056963328900083653719216484837216331065
95934125077613239227688167413663616934354830856448758863050839
30417625910949
86281745993140677275231223
4082120796720040600640957
86740384170344026248349725142280912
41089991408438330727713123317729121500242825316651038718965
474408086603779421135557937392087955404665550940205807765123563462308072913098
073993051378473925935917976918160015532897177
834413510313400074048426518594039286305657493544365419932545580502050717962697782888285354751079
854757374887669307948268933259756098859598233521344
581120389028192011147394878358502790214300236
8380234336745472081546905
4947772456218852600230901247614534211830419153671
09890828700027796040539099010430976702266423787311556211045405332528511543528849941187066093273
64403832497204308817357422770721264363573929938
3805646169187455818
888873322416609889676112039574817771503
710716493394
4950183749256705
39735905361635044708930985227827412384011441142379686869674538
734224639567495356823533052487467761597731977345939781308847143368104573255217853
782162408962383222660183328753343239665201585283619399067620596
