1000
6173296944575339
32958559794560458447878573580459828144
0819947092313853739424
67492403842592292831848606955188324929012307309590094
3396878705835
08375989474718985825643090720129463011877544118467254136407863040408470440873426730
674254957658344903414836007707644958685760621093819573770275947
957179122975611000879799710
29731697741571683090823358112124195909484675212112321653307478819388773145221656183493310380
07041711323278192410211967773221
7520551766749319178470225382743831942828511032914221751697860693215456916062936766944123
0040090757820552392447201189
0965527
48946202798486833562482675925504824636450004136546260452144118442300572136573701054941
74928121648144979383309434293242695676782863970013922041504285415917467657153
8854780066508857986713492818873289220565652852
345223
99719728
70460821072295674172358017590178586720415764521657
6607246296348870045306931954290577174772015541303952587587971
74376849952057389372006762042857438296894654661128515041379821030859535
05440913282910961143527143218291050943096456272421772326734102098938
5363374936004363174271069979354223993529690271
234998266390720284558
823223939050346156260592664333086785554432726442
4008580840152470
3427004264501648367793936709476301961027
19306749905551264954314186401239943019626512259502078
48207661968704019987342696766460518994
437657379432358241393714512140400
81631173423387418898540907379109686370320029790493744010253
70330565172927409468662016955292886697500886886259314382979071
03014952169733787090015125539997318071758584369714569736549853931
976397810541461200642229007942114839968236287
74333053920120815911
563284
164443413803980653445971638789401
195723840419
989318416172062157973411619056827234
4437784666444673236
8207004229979932731899297574698884747141643629337490616801389151029441
36544128118505329678579561806420242673248631830360211930382833269456121110301780070
042187772447660148131805404835246598317901644343902392986387768653672
08745104578310035831364837295050575831424087075
3904825848
750820652770067177107038573393963649
602121646824876840673141388
6448576638143236591776014
994200234226605636641933749419448186656567891602617807076377911364262789478889
733224347649607234611595612002682
006469100766528
928912866131681466826294212243523508
680820856796453886432816758460083030340
814782563874877677750205870524270530974766456082799534
256809651727153517567
77818385931266
4092469
901471763020357055751533777397272063
47380120914568612210052661791412
30385921184220561687117261840693198353997149425616972600672812572902
105418036780355713071130731284902161202002892289232244127775429957830765844018210039360
20118572287272345297407090873333162838445559692711797205659302783923775339483085186464
13005300460437827451438639597725656592029793634516509563991994257579909245423682487861560825554
591325490982600217076518552679567462726287884262147995
31973597051558557195400222724
787950005829993672962052718442670866847433498530216247624538422441750481036941011984
4043765296720962409598074014379707123322302007952515823430437875988500811313
462636053065813193525362048137406872841139181
65445709992769735235970455904153344561387062122
5529276148756924000963857350965724945706049109
44078
475682954062753082965517038746726910166925065321492695235891649413925256707469725854970845795
29609213687517121398171488664246308687772924078751469291407918073071173879261399
234986399248588197375
606920036404652496660497448760712545742516380511699077314968403405661014493135121215446155
22377840919182749339769
94384324299
06716501327274080460339014
22960261132230214737
592177314980143566547883251937778429461481884313335030863384304790480041606942077084182357921901368
454190257991803280471888400283899792735633857291
388035063842098806054017356035633268947609443373498318625679930150576695778318236758
939932833702534693433945725897267037998500956576819133692525
06629212
49845305323626411155838552228279128530532050466461377815348004190740239
268740678223904802944601769952919352228069
4290966566393325183531699542821145820304505517453050428488
769545738484838442
865450215940104397
0519102663869376418693341472362502294893999574700912598672184169689852804333924454308034854505217
514727868985892873426193977628028789775343602269136781
295824817123457799371973487791955407496860316409860653888125478455804519932714
66807673691397
137976676692852796547361211019421546175849873050575116123464290413863098
0920308780686008140471366729113777529
7777895220589296086778514796783505008909717504393792209523461905463476453754
2215700510861007909412536037052518660299982277647228128954120685652
2660708969291858974691285534844442
53293574742595739715292184831589900853125527970283642912592
3936365004018082461385
666110947389234864256993401062410408098031509790019589493344190513124976692147150195198268553
4936781087710946513372444475369127335907322889732679568324423687704857815307626491836
0376543693964260313942176831801601298466464018156957108786798
245988941894727699051133004993510032905785660763220884609798108062023014452481152
91646
6297191825677898073458176323651170654668612909881437203696335247094432
7662979727511976299481
9330803196243471263545009244816046091368679156543547443295902681964039349572663
3005005586808140965880925
8400477586696
6502682869181484936243554589
258275233240199059990353993
7784920
653045179803791760308869178799801710421669912726524809942750433143356241799242029287
48589116534671432311406907988883343221
5077202719996198763171672837154431592502071637
5872423949599982328282930832954971
4633855006486419989297126761021343
7792285491558176260864644675127839806948
6281414889220519765549077
2132304813043595968663
74319223235182245459294547968576114966701425325229945854445063511629826501717061710228
125827315961819825346318305832912923480695724545693610799479041762379242806368183
0059371152026894874781410093350555926787839367276163968206144277063845
24993768927155015262798839924149816725689198828282790817978236903971575
8565461249797067805280934369695766625159420982912
4503609399142039066006791665719376550
57887715270042975274277502498159756998517967376224057096748320557296201873909765596477092787826094
9156777050312297393416527403546253
055118997228858963190904811173611488537034820412321652442592891571
92806557844768466374092985732892358246393218820536316535242169952812178054192750
62983292890944810883478716
644248288112754277293347577967308550872083372532263960563091051116659284862254
02610225950300233922
761927337950836751783570792492646227353828150617428
4449345753008590611058781589772719997731820307822715987244764979924511
915544060196994162686787877596591700235642570360211389789376566154461
92613544106908336844082002
68610612041449456860978282508918005164067748910314129393830693872017453896436217491819731182348
73456252678423231844034041946340606351583223167447050683231008422328758436584044
1919283395637529309526616576827734271043351439691665980060370897026197813297926718591276
67156512037536690939261273945054
66905003911734798446898487570163393728351620190121543981485930139888804507056508153495189338
86910466503232941445452544228424503151379500688492771062266265342
0013155538153246613772265441980269094424241988298549382803855348121740451460077072
9069151696578644429333652517376668012738141226598
8399833566723435
240281547501944942266471688244620024028
460543308538265999129750179331240640783918555363223387511417221947
05478892141129630655716236399011615610943995677769889465926982920107477476269356
2693101347907342086114186119448159614150498723785149045477447447997805709
89693014471059018530247860211057163761665485223427641602601029913
93720496809485607432386839021602584736438157249553207562473296624097
8322553592500296351299223336483194456031670365822967670307939701721493134
3176394788712783538435573501678907002415736929
98859223323554866218863653070576999377695619459399369660449868443334978366579949172593644855058
8882928644579059398836767187937788097703903330770578676283879251434221044123423
7345099462414607765279826110833731132893
63794534233462763696411525789275605114899770101036983288725563782733891134297038791427534971158
17156207600224085582020387059435643218730814141103562642811471
60222715791872966941250224354973414290756367449095389583
1627140830949509453764677025601148690153851142840661863581881611882788236743350
1740389
78057
5256626304087271347712433527776144526366941329980954305220632465434013300187875723114487
505692013644979110757938680626063776414334165010375533887711312964330525731
2188578583669058694807691487770316186025457323890777646570936818127392522212019189
35779044263165768357110878382900244415528495369680015522842047994374932571208395789843792967032766
25959810822726147984
98304411958862443795735459055348515915460
8775089296116854032145885650947870749980361466246804
38662752105950979036110293650809502519691219434583153088672633092284719
8625098483214963656949397382094
5961729517757129006305371758417
0967294571644765008440760973910951410059019041145
76866275832131541111581463998014484325864567061924
91634733038125362383637914370998307746102295
97909427473856596876321839297908701422363984703
80013465613010944386593494723004123403359299815605366842424705502086628985
53523141513922143169667962299573
41120027788670490000969271277117914847046093595167722940404282341032543468137082097895517513790443
7941837939299185
583279785061515290071065455224550168780041512807243088892209444817144999959
63478
238516702503118409593930101592328
934912520430606036719410168368928403174258702749496470791059382101130488522787859970938714689291015
17980040354804866714593974332292131
47052861919261864722971276752713483765126278383886290940372846
52620526884249563
224086772826266160240553905
80482101073197178940291102
216033663459238299779740541778090822621683684221
741714970959765794392547
547937718224
1763922551298640332923977468215101892953940
9582047886855436019801119855220459971818504806362003132245373062017497647695461156449803034635434
264591515000773124197466043268325425775016422579724685523632
41753885725091373095804954353754132519283980978554195770364143212301843760144872165354
625604966963332617
72257296148767158472086932357399731350490607128177077628485802427357771
583990914765
072160771355878650267690967
093688748857507163873168142
867360025591777524382234548190077
870672786391446901177243357549444405185685526664334565086123068910621844996
74514649220043347299831496221597588730379489701112961744295976249355330182427971286687530223388
4415615854597890777171113734817325266681025879848497647
8021480452257445030714201054880332059091450813148886467693070
420288501355635913635137668605541192800614678200356114138442218
135510566166628
93322633
442785748938339857743031590497501633256222870
86955742016603457324219624346888026051268561957764294798008454092511175322
33815618273689923596530784569988169144129135547323103021769991196589
25997356389634541060723044579420572781379156896768404686796321047452
373384863554355404121399129774030
349068911249107477115183376759782973213305548565198551478094833282300300209836426599419
317013725000399414483947852375606590252902128222196872245574808298013
0108855787811911441174481785919064436511915753523193
488539341234470
961669712601041296386508493532590205547103964468418752386145474694887224364935273672200
386792293224995705772687779484484355718957
3851542974395040959905792516893160432276632322561177861860926641496546684784049229733742963725
97825021325113924489206711788445116825306348412666613976584403997540441
301887083786486
0082486766
96417027071175952571256801360351053485827840450282624347271046319570608033
71598776189567541005341934499567524996513505189471718529779088030636008682387001231212933038543215
780500667185679369696729273532174710768636526979403137736314346197347819016959609794948
1523225529015194211084564245
81775488321371116925512118493208685155898266395850041148330713950258255536445532834326502
9791322760404632040185173213216645014287057372917885884506392895758465965451403070517490347274559
5413343380766166349929993673199246764383302362658896166820850636716529
6356744657207874539127562512099728071302641221589432982370
452343105917554467661638071538328689480245110430423711008877157944137761843820951062
189922
0606881201652144516763375718545293080287448222731929670672013
66351918973947112
02681761511038906616227957511591214881366221023985283320902
6428025244411067012761488089570974290752638884747310309730242682
8453758302907574
71212307271347991130211508498860250092584200874713308583223697998649632
443756996962733743675630407684779
090005685701800
90130569182816588967576898183084575
4598723835349102161799594423596823659204668378933995101858334742801127977666
1684381834800642256884454405164747057092944022937
8453665053466
880680661780121820470208524201
4677753038649327983768495366447312936888408467068193768085137733295487466254331932301432842
8182566773481063097677939702923746408083691856134584132452165639705837820602212471177943497
29068421844381741583650009581085885778467208982655763705495347565298429286230099217242368878
80749744016667297187247011167292771124712672213126527342860397661939
460532280033661662154178406315978230316569076098385387838346
41519649246677289001800161398848918474984069759386323278768583002112322129496601433805689036
476607160
879233082478869633930287497858651439801168848800067496049456716304357908414452386230404247047737
6124880614097059002701070068335621088811258573468842678573168716368261994145977
58198066625693541580918937357602877391977378
701982524
8816914073440065213419734373156816148452126168
548217642772
478326253472567054142832240067926250454070262
596744534887751001871071030639
22056956432164632803339837602811349449525921156054544
668386105695774
0568755565621231694186281636943423115080988906511340527489
5351078451332303681650311545855599353074008552036264457316088675189062891184293847959657648709
3599837621399955176061267201043905824786038957
6545306704439106686478913558418108
287498
62215195905742921885914811735013167325852251591
095924242448217479113328403350524247011673
7319224403658702681
312857118876333403202766265271750509762648
4901947459682640160546065437967945662410027106305024796903697223169298628816120395051884475380
43996630116633619624349703129259159056292071934186894653
81403774228561602313162448585
86206357894368581536450062756256943149877435484975668606513387000886066148
8179693
1123551212437701889367434425110375784180374869
60063003873161742673369633251601377612438236503935041385686902202444
5628923730682844704
6287775343916836364904949052730219898711327898107940631625542881
684060233517493062994971830759192298694029329374623555636962115935443228017757
0455783152338002899058594583897470143550328
03845774675480031624
18315356458316425290113168830662454281249617800573477836746695379031420904667990875
932291563441521963639048131906842722556944
408532211560103345826601424224774193932317291424428061685975469717788996872137645900274487446130815
2140231795522652282734180
61847657889109843
568198956641020933040195919617397721060534398069936504093610
0898570
98713067392386390695186265555410473713597437498052378487503894954839632647
6800636852977645191866
973349968120636439644340534105737059403979381374544503619136989267496590555020600
673009051342068389428919398671
8173432036971298451105822478436312343637510873975596005693907282
3585466062401500701759971801937110971878531
5069674119010328904570161728725964114342113441548
29258743004215136354950091574316079665384895824734599077419445383394779497676
010274420981582666859193817895111784
517571802549448028358191
53317385622658190055292714056449491286347254556946191140
48078530695879500547747538739489824
12852704394820430732072890518458878709976934181845709552258630501365235499517567682
05627450134893256443221919838538892753151860154504488837020421507614513
293740758
529714666221713933034558262379798642217763430392287269637156779198774513390843
07398481574987761988683071696215882757592456171777407658626186476681861156796150
3894604268654238017658650533783516047455104588026922753803
5349737345314320217268639734969942543787121246291413246997485164966274691927533
7784062817031893817708282857276958799800149584866011472852103971941484273090197251814
4682604608741599879
558856787347519695245468940917079644775702854754091055113292081370668674451411
14634450151284894336682885666904137026166231295440509304052501138195269397204567276561803209
932915680663636318655834472436561172286264
60929275177007772267173304217925098615808510974923
359057360270161005818913925203332122025960015340951575499468566252410812295829328219158423317129
8394506889030939691880473405753089651290922045325529878384695159883646444838418813189499
23655294930513323393849055130687725431756940343428221268
2891817407126895942738639464103543551742
2607658111029435081228289770646000246996608993531183961563405433654768778076929557651
0561505657639570381170
33906604965269089246744273506301247252123119399
488014357151736423635
907877922630615627534371222145
300206694733420557510561184919375713122564119658239868170537955459859057335173252175986
7045454874200078061357679269618118168877
4511055063835081657112759898346832350781034100123028753
85513402464899673166050291577182274490448
8065145085479995629280704825946874188303998362530636026752801
95627007361798702755111843633662372299229250585819309646953985771148720009689621741503427678705420
70121591497049670863592
81513928117695284708630906
434141281854
251954772
232069344902617925029763318716071071932028670351423920272972601744895775369411004652418
3670163802
5178241860322452867798883134358720660492
261360291742908683581227798995435697219581
640460312060322885730107604523777574511399930040187818307205340153434959972357894362479522
7277993685083287292747634583017100109415470763597908376632187216039394454016
736005732992011834464874599184531549777836261421723174
9035847970637357147889754423
97529314723505769094562817133962933055092958843422245157826093577
381032719931804672725716559965303312014351860061703695692896148285277518467929981492
29732747047972366663440745734946008855575202060206351362660971
5463342146584259466270862241270806552205847
6072350651367916628304560127676375109076853844187374377348425561777309070470742720
1775598664685937206831229711031469060360924676532220741286723128822427563849623463473566467507
841481813078734
45911179011639435871492742119480187049068090368353767090464449575730520423832776721774666050519254
149310072549
47749089972183036820047302120495350584017185485290080347909185575172527810190
7724932254529090436476118956214230568505789927773017539381329965891954364311069422024
18833110279451940258579032713993189975378245655027076239922269936
7584385174236283814482786302557959203059371338809715450080312060887
4012651603534
68118022466580887021
4268163317030181539058685860486353535807757001758327878047884661852929640012
173855785923955866828039167762256442640252548024983184625422921667158646429922
589359325461080861780747390041249225416546781267965229290684474737151082800932
37845354566151
915568385705638155554472050440513
33345298791816424836788987776505769514947458011325186453168404469009101030896319827601
836601518962761473507317
28054504079966860656300745220523481703094015084717487
467278947244364181579659577820262046317194225259082686820227781210685503231288862538100598
51000058418513258308807863981537435070869835484
94658760306
931816817477242039082315509222944025499416056476453428316648860464788260
1059611997879378188445263074228474229051590744988082515145589246372614706753978887177
2991927959883591903259935975061330642453677
956237437875241156202514267364239328428377465454773965841748601726132109458693950067718707554208180
844379462521632476292416223269
3774779737877736496350431
90806221044105566761403284297083846592539712674834678485
05679149
211310825344006259630245240
89454514426730674003595920029121246642760354325415334550573017873645608342190453587957310196356
882645765919594431706386608732633480986825909550376277348814
0792455761293897
88743218879456858893
664236396370937656589376792664316711005608784030913052370
86937800783634132896052347147612791197470873292943382162925698624960
95300917839093391113726281588277445149149010670807321765530381108116247313292907998544984288474
12311976
813590630065414957846186589652239437667320746162914709317811742674040809338
65277214504702452432021507770236894565446837003305605320448739622508034041192015389679107781162
8661373594812149035029858
408136338758146066814648305831230
794195401978801673692016585660461841953483462
289286843690247921769913873417354211792201984468519
616900148767329296582149164410104982333886808891064930628445610694005783
0785152545660833301392238645441888
076545264105010036588002204688713573141660537736
0804817490328737634507964
32683582380187123448532449368760301915332449126317255368183857301643721652665327696504
1743506267069519965863921106211351775104601028783350500112431102364685164144221511399126561661
45598153398872020639922
33252983589774915044
56420604064229704835699742871549608973097173110317835948138586240019
624176052272050830518446
405574694219738681013689568543972068
3751341518557452
7449224090460635515000335884583
80184128641606389217823012401135867950740463457374232002637915386569
924712518720925881119328313111764345821470890806235699981644
0087275399950282894962197341328332893686029429042988454205803095837310
81039482022133254311981938079092227809485355857909841
87286129634670952649616
1339540911943
390782058093506182229
9238412122376
19131372744163112292531846370610414870909349337187250
85842259257665011
2254853979074353556772019645570718253287043346493707878
288937178185282264869367769131690529860486984463872845530204818200100176083935023369710939516373
83075681237874031614524343547052688165324783730581740555599375674717665339865694
0085014392132664558881497694626414455298603903281616997085458740440308330486186931121832745160
5416738773346581012443580642067066999941604824486177084869314756904601
8807345184124224199438825971632597062321004563416543393541360630
34870568
307935201350161376
23112040394265573364183089882589500207994792881850643653281960705414257
22128388311
01965507883645959419326872440892104450324073382348177775840292809975296812331469921128
8743113741690797466585795381548255956569305795982762874458090429269914227055053
26291856877109
028705116584453628216043427805395349105509438810218
503155242513670606800112553414
793393088694572997269610242
341744507166669055857524417
83793823879191932410269485996091887558266546494562435571596795824151
640983846448375325
329498575345334801210338744316005731124265199120776092450452838865886281497811746873132486
262474878589110963977710266036387949139235282956401355771858889689795145
694527167148123438584902832340485031173661090126151085556678218332
35344291221891196836144848934628977783949795364275708396761921154069914008412
7954322746165461688
604326400515818273531761510618948378620708728445369806702163632330584808525616524142321973
95335716675016168857331440741371728869392578224627843452416892040825624832139446395127867003348
276554556016144318133501379530601246962286893922323817364138763459717140462151629
090458998893350271812353903530
4184635695038438344790105114465607499734747307076081
30227645964202218511585512329260750662268767387845794851341684482226484494627
9590831039715835880529291792514416014716795398043569
57183077506784823244453845469456698133749140714642034269702293262056543809
2366857231838380003837547471094643111840015043804898619106451466305438369658971026
611415444765046776011844174730413757217507314743027825978182239151163512565797309354241667803756920
1275724078421688431040
027087004023660051721027336328203128797115908692860772568744
763780694794726561332010096593322353662395676294
3974955289282921486487231
66554391077333890497133220895728190095509771111782
82606518412153622424
08603732097774462711008184909295801201302645279433557436778292112284542743579636315839678422397
971473500347521732452
78074145509976253942062887947
0978173
7003224300865223175108738814181778431435884460
913124480946652420250969589043641
961923
98997948107330262266933217910064420021509759377894515736263814738929515265003139632
978217791456119501398913780602369706796779436158653084438940109172050914179545475071
670711769699956530511782396039321341494540458999598218261039487604791
14063514291696666952792804687339224745749416382502890538006612820571779010861955862420697080840
60655320478817
9764313854002324002393961213028187536812294266670445013479
782752714698262657846857609949816640571171001769633079119205380614722439797993671888
180637
625069726046679259708249468023875766724101166763240080323490
539118044876259836516881477633006650109034115914427
1306101758912232777006538769300007676553806866582593648318648499966567300276749770
8911470495397682278938736529696043748470544187222057719140088781
6043738156414
20973027360396889697266387820168
0791538473514634499
29277181682686140264243899492888782607
30732783123427911070850419879644648606977
50213900949334763275309003364439961374260369030454909036209
08794232776603154278992095281261619106516026717473309029729493705582293022928763077726203723
236629
3050362184625751341439217436041821911407969389317390817251946933197452751274424662487107138740
879946671432375646936715992831900534861667736437430056601615385670644
61382
91623950540608872338452940684448697544984503611187504425
62579896602754398641544440476148132904168688225035172786996098545395811921366
787497302138263238400955947216
5685119198642560365487727742644618517709847868827333954892419391777338765400400103366895
161115642047117912689327209615246343133473281452061710991107133130409765
3850137224725746606528692398961359195737109593234544990499056
9559993690540411112
87210822057629686025446435025266187332933222763134614990403761219480253982172772055420376
055055655316602
891734202731774985290451898128210859188445839531
0485576725896508107442723190492140195664
82573827432625114228478126497003029505592316902
6920645889212628556678079108809643903938984776971270078456096531987674660707048153215335
24674837615204866755015406335981461570424483207062183487589403615196656379116717709865860625796443
538000716978675
3159859791684043351523793326205970303484665716973526392786
839532295
397367547432852611879261807926888929001703906855544828215454593507221041
01241134615351820609256143611558480114152720940710970262907012129
011149939556523852894930985806330224
434985593424411722441158812902131445999377727958373335185215840183
5450508280473597223543242738883336
39248724699530219
9198992756367824942722288192718520977631402049130109413194048288
37507023940181700910897900577960624886821185431611716481723287
844978680912699053
3220912314600936165433194
938912523437771292151206193127470065239
652732859851198865
084029640067593939484584500239174236044407610406818319767568172404646243573317290
6796675925807340959063311386777663565063449209868106182446831
290437888
7036269117549428662255115839022695325659353954357080467903326759654181
475190686045865146477169926688723138716090314749044684722
6676962453569603875399261977856
8573932133794974616378028292026866712270863024097523495939702647208363939988452007
9528627137973471673126044370990893402825948731969287448239523594572
2933700451538598877353527352797477786513401274050131304567058436
048088618744206324761451411480595948913514428
6738901090
570550975808818774043
945140581082418862518255816763982911366616045664318167351121757041128648714130603111
3682581532332774357227
229147023254607631515770980386246963671005574467569525110303836
25254840104095303122168351023963
9257340360
0538392791650081369800109293837675501238734762928230468502
444329079029128308238442844184398591309495309548964803934
813698813862050024679235368212616497789871543881961991561833921510178422518
28362614737507960555815924
87058113655976325554939237879517979076907592975994108
296389143020315522221486638244611861379070774166248524241460878
7222998816127586450957341240460242690216146675921
59243888634613720614965592246623864728790770824278319222341338
704727141959225389359258239
76827233385152151693776324628154440438098506458083198360606592073995584696714378854183867
21827578109238097054419042580218632
45711674254205900397458346176523347488675475467539690968451305155
65042493013824612
89757640362806826294307126707501036583465004281969693474450096787500055709430
0003263014464849406630887566087139214611863306264897422993065507098
12480600755450557171952420846958884135925861973843545453111461639270239840553868374
94850182926333080031291577117005408415631793904
27427913779347038511731436222282053962480668216980539570146694
038341373309588355
64457270438713990738718774583813210642051338
78507900513163100029300465702925771936770796301558710948895822138070650304241
4036506344281901488275
45555262905643162095991409865093298612571570069659092133497464293531042611009046
7141289624319435660298990700224285931672011354392295608312612171061536
503110234965
0687292895054940747989806758690104642933275274072
0567312793276956525285583017416804257001071190872871745
34433672175
015267492395226487447612883469758375400444065364
902410850406435492061722208297254824660096073
98107116527803716733885493823567690332
178798299198986429998093689845674506346159791376363801236791296795177
62494144506918908413111982443838511113870702299015367239735847194822988990055551315111478344
881595783569995912021775732639
8721376900364590124512107086607
97575703310
193561088981753650015614587278
674674526478300948168410
05384228452964382644486
436505401335565131460486778927329368262517970352514148
331947640489851531477259314046716879261231227540618620228394368867437307919830379505178
693776848156921556041872930982611
02236214564261914
58469553587368670260768022884689988090996169949389054918921715656952817693974
7014223935760033625317196485947087260693914070103451273305310347623014970
19386758798265899472460025517826467726511476535
7308088736858045933127222064288599340380613695701964028576914
73424904096922996526575268935902148083740204895943558574369843704304946810
4960214820870484377
796541833616345911054938424923226376177614045531816821440701524289605337232
907549344745373786728004323980864014352679357419947055316380032099841957531955033669062182270
03330663005304980893165329143241173092
776627081812514
1667892411236811082480318134801520098438922866252787
3173910
007863216596636099533303569702732982278822567845622346192540666559201008939302100
2884730499538619162681476024440095366570517473670633785051723175596016755
470324637713859153844604845433162186686518782394835239391570125101964428536995895
14735555233025786229191347339645029204613547886816556912679985360379486522
459281859299049706488215911918825146811
3774281034961189116527708258696560435080178868605434064190
178011505961738727441536591836463
335410221551224152
9777936421598579944147535
92326883135511334989541448610
9812616981348513209260398854710693462662
38286254599779175168173190084853253855005311687390522676494234892564752296229011445244392084332021
69356522922917927
2625019206290622946627883970051585144798148222943957162
113504186637484059008195064524685018770535184989804034384641
5519269312379228212629425714779202368552
6491342551918352
20077038628126611478044525
107069592787735877780695671832194513319916904040740253305044401988042040970091279810959
179508314163466834884220028697271014739668791408156187845897882831648392170099722212829623481257602
08100494263252060684882255714663649116238338375190438568170413083568068317624857807717219989712074
773301071219354711215267038485731649632808874950879030764913466667295273469261980565461887700181
465918538435111459192150211463770596813620520351933726845
246939428679670334238332940095
5152649678797548682702052413885806388860650464461194164480324725946649008169
3648147061927673398
78215956355428953998799751536705505152466134920037854959932874331
82105167476126837000221374699113378569171208827123
586536634813454165298708956477777
863982048835509889483293188608132222569018681294625366609437
557389235622
804422137020723389
9452233075134
44266180553346956582803464119759677
203601964367401218786584626875021533657813057864580139313358743951
5635758046124895714807432658404462527326485252968526245946444977076126919937582744343310923
00844296128529253408534250013146894831617033935807233349615632574623525810661661
5136632396315918582100483701692805548540
31753043433116853421541544518907772128
957105498138056065889947716576468400168655579049427011656442
389116040216368587874281899629336918325498330185527
237513339554778314310308397275791729850366547207354320
064400876355135086110398896159300125635977
943727789923644353636437333438989874479711654
5307027954252140732387912003756968
587038448139728014691
707798213331284758109362793275191965789570901257719450951604747207177707185852924203040276399751
7076999838872346541486694125221263466291198350805701426922773665606651536059003574910230423093
12379273294536219913805793903554
8498367661791511310481713102418241578974210430067
0666771120847151498692798776977623630014907595997463773178370743057803529481972467371
30959049254
29082102
63530162783273982153233753912776719060343488552206388297570807581597274950270572105211771
436511709224117129325036308483658363738846032424872301465714211815912022867348
0754968
29688105700054048496794283986135895710266872545766419486
67111179564737448017846360108188214509192664625289604945606395608528630224573
27972982147300408294987937170087001473596
1188520087919111
62233926460930
0295272982394163570030183948815484615683230665666887944162182593090503016806310969363904665
863027635548864620738689610958344256348023574
428823057468451717273520070098302506716379589057143038256706159
91773057432556713480780541830238689239687080230492777296620515415025760301953257653607764483
986504635878010971421126177765007325796185767292912410
2588427061826606857374026
41602806162199411760134562298787008718161702631002919173888137563842302754415857170477193422
19002502168553438936594602648884620722278386665045799439207658499748558588442317402932960135336610
4984999598305674836114312149796329057
9234413957125810714055
3977384
4032846747939061048011030670575446464249
9587727002407807907068985346340408424682438279323921112592174224409327600105185
148728368798182555360966121535665593865021812514
091756550507237960688881508854837642988519594284682197227373053010873
878442700475389437919307
5426851166139557994086579877351826488301261169110388671
8641399829450311339638284985752999416802849302791383596526036985150699828960162637420401837605795
69051811319578107389196208228018903486314471570026294662198754909
2389016596863117350976621491
36849753818593944887556962139632318751986607
9168185977758779527
130898051808007917223735699575625656324
95042000837756827400658738687072130665522799443396
73974641149877795179015763553352346824803093706617
9378772
411682866340155910342
59472291855633698238229031029854010825
39463231510130904650225462977611267146385213683656886236857233162175282771446907823221796753173492
59537932313076378215937273226947862
62367232940844688477491301630284327191275
92248875791058482772113779769818263686168571
346301945530153572398087877315928476351592946244700324530
4180083299800151342280591229443799911300493143483257958
51673433372237358348799788896699
143549231504268111693
425252747495455457134266795587275309477007412432952587586729818114326335
5299649402371246550122838991558539
68375874418292796783507114540175015747959680511143
049077
0011438010882971472469451226
60057680988536509438922129
792653103223205719460239286486872569384390449746078932437214193
330048643698773815619534567604991136053957463597724868319884908508
668068805003986321612652837710581901674045895038206541085114773909568
20843001313284540983877148198236507200457686415304700148746454
4517413160093385434874505022610790011823793035630970916169690372082222174886883823446733470807597
54913994334805625517572826927104912183017251489780575493143083790243336352532118208757707801936
69945386667166692422784923698329044929267849247437790056249810509701554661829
101787149186444027291992448366536
173979505643610512901227268814679071029697
90712230256192637466172
4791362336549461167333151321855270081401681344468222935772307
83800260446004233176194280739805509779938880565271871522298961818638088260459429952505864
961556623778966416275223832557207913453013649939039943587676910560972086
17373637418517922716059897712807407
5751432310
95254373044492388018182468118826340379712588473037874857248
83540459520262985081420229208428
432472874738773981657889112942003383950839058219810560683413094517912300
443905432865885649285375417015631887625920908897101
4785403243137440331185272344082000598190414973289
83626554498776784944599944219243826274272076034966522729218001143309210497062904
1174126104
641259363850199596
2208062302753341845857922747412894113350076444260800483578275926109339676159641208073576492035379
701965109279846470743887856857124639693788197489165174952045286780823512531165435599535538057690021
1635192425713158108758598026472647389970
1444103852
9300773024295218838161466391071669490652002727593631303
514369749911330169426752593683056696358394299003531664943958692
491244973863790048494268823104403495165792734838835838505678986023959054568
955945228829315623574998258896126385
335030609873841833237343101441554146952977477207191739526297894981901001595479923098787986801415
721663947576672231234260049702262205038157055968527
5796668556
444424895014360715429326625481031344025589292640059854495207382646188831376690023
12155529516607798
69959440008855426
0888900883416516459704307974
6943831064
93631574100349081095657719936267597462623583082186494333425503036086274339576134837454455186
33940663205625543590248517086343256907746431772127031350870540811133155100453556024
72107545222761
2670595352103178303456209622908808410855741070259
511466330779302171621624102925623379465646334060005354077881491385238304333108314232655502680
737022129527085988343274954656099758429797637568240863783294063974813767838
13883369307642715772270683551111053835415191361610492103806673836791
4982587959904515726090491250101982782879631225
20046484950788258487085593475824865402624
82834545258612994165554169159203763541125653109984567235721
9286988804188318137448007505775561092928
0917120254525340085627046515036000516077575387275386748366
71384584975650569072468737817678638479
80761509581242314844704071733337985632
24138240184445891168318859911146663165886905520362758302428134091080710775476107599
6530528825754839274896489120410398656412885616402698081627435990225
7259946412866428397756493140780820428733174146762550525654098140692973
13349628074684172783950132599177758398598714223484807759123491746770534277082475706
15303322012249410276900218300263502973539938760231169974399434237172519312789040
0866347299894148
5307532757589269294442495523834025910776790682800354132100149461592620595473641623
7520444612724810612998612104562970331574240723181350096618378533776345840713668268
0177337149653980507860086316359469927027721484939514243
4445341601294547309215032931906726666407239006716194330242952169495858727518706508862717313
08790077935939544290191415059386076146720452099010649768240924538391384
1242478617381123492453071281252199976664457632851408911
36483013995595978110351092420727563967050363431761050327513970336605254029011
9217862630909341369915195
6717890290707028969571
380057911613682032864090960520810947368719463052664813803843428031455659182763
4500812504366032682373798
43130490220479171698215669361072893597886365652756775868556439769760975885506334947733
876607
5729651082224955008217319926601028
264687184555734140352396143966611047423030518692533381429880204968842634035922564627060580368622
23886988638031227358980625364739
8591442085720026699
6674635367094107459895918628256745623549646469971184160988215222805400003486741097029829
3101230579707264370557915760178907285
343373744490307754896
1974794177688100908835105218332481498
455773748395055224132689811213545457165493279948848424695696216724205821665244344896782474497441
4534557803117036836948344630677492799769328846492600421307771277761201137315172268248797453290868
6798421169502326784709
322042550334042
485375464802735669369956870476313584015045417800558
52265613612980116952937438167
520661132037088461100931880142846673321876
073147833285427049849513244041404926136707610102032425430
69363841927235007802852878036732319441170952760033787810196456638529700857147657635691
3178503485324462624753410675658163161097868694823039844369877929080376117365
954657402504873333989138410725951880736785288136969521139433372643494181964
68121311613739428
2302703667053977520783908867816995879816199592222
62031988020284603791698738391076227972679549183347054217
3971693120057092253008136769680507579432394004822605631713416028093923263244
090060684896301562498020113121470757082650451423207152832848381515
69024106355959861228883798356828482666243867688
7025827299326985247497848956143714393282
92612562068379910229785587879221017380653474871160066289338069030
1760361978014602147286785841771032908318142394840
063788372882940891986
3497611740084872787863303874830885083820166048051205009612880809920385249892001763
968888826639057500808807331693141683341286197514971139473843899217711519676884735231280733453
63991085544111820
8683089928385131831313742377128425340555601692529666394630
731211357900036905337503110298732
21958084977546509951240160681101799525878095612401601321133
173555802737579647109
282199428
402533121632422061764241
50542970089207547685959942673396356365633989
831440004996949289410017414476943809148279
8908290609425598052524150897304063969004805640871995
31567838522852423644600575585241164641801572892892407659235832359862806696967501871
37738409753655895302823212177123038733122832346655523118342375
442137830879804402401272269685080971858671578146271137747770121449200974467546675803095
335717372472024263433511894887841581984337072392362029943006170055179553934237392438120
2949150003111772523832680772247174435756674323196276318120501773206386150828733
5164998835184513056021169143130556227048
3098468490211895591786427264995392090758134420316500994226303927344735423538384998
76876594071147122038914589778572357425328890662130921824255
784177217635891657
063153240404542203610646935075754802
1951393587939037995360683698945647425741847274637
86829900692665763548051012314712106082678138160
5332674068207502916294570990838072759711739800828
17954415325995055235780164198586629379183031330831398279814221748666293872663827401783
6085068449076089010372
72903447413783159775500466936447053479
69753707494807707097767175502579125689410105111972130045773634497972349284907142005618198076
03841126196840236125153436163
3151049855104071331418770946799803
703001264907927414170034624568904667
8714769561486799217557315490051763087791772127144769
9790505650064087028491770623009198008494287488158727217
437678494089894800237981150253160189782573664553224938527314099286256632669075447823178564938438
988349601804580115557943131160692797964308618069753558078017109701735
260574782942225206940563760831731152617905216065555814004074
06932599673704169255215999315100881693201843388820149744143406541934416839755698654243963862210
9195645109270602636593214893647240827951752790784
4460525307198887506923411213309
4409880696538642273547032479714312860036866332278813584758491
918994713960367423653
584314
8395199680570728614728615464822918210355
4507475739
7939796610390169095079806541553720252600767376224
780149524300393272283182257849502233758200248545847499979302025659192442410263535
4044473538147874961669257056318184755436470161863767637633979753778305247437034484
57847244946917576253625516931882755966356845261718792384812272316655668538706
041286225872404334601660240486103248357799198377909093170676311255854608496387408776111
24360277703226777809428775915169203455802098025629562385628933056
5992713615668279076245796852229731412926353058
515802687
0948042109208
0740726877001143818850335290678371760774667404409783
794634259159019727838069756939879407
297244317311994604077725351706716
84549131871246491532839710103664912129384958521639341166237631500116678
54996025997326170745440242877474640518852037613103733507697
801591054122022742971838212723854
2474243255839744019760088467755102075678903277342106101348193504066351178558706
46331772151394172723153800745118754249428666278761316962
812765258867351658105251282653253311747420137416945294260584374
059350423329885435617546757918365505544598346657845510737007732701002457317568621590467238000683
33509419451025238259607299842823049493652952159643996089075
58796038042043172966884489997714347905607631397248138962997598172515434196877612488
590671578421903754644985864779586340293147709443016339065261283382713078
40200223063280538813916661201943251434200707397641
045203772086196875004128352404821051347720873179827305
7327488805946908886455520513201319024342394184595835876702406113911
78232152358552914889796667075716651455448550150963565180986635988
47390307935389227105970784604291980226807747410417463796049351690505745683
12561282494463136145
031057488720287696405744970549009042524549805643100198119185049644632131638202681374437917105
491022798887660873571344201353538934213357699117195956205301248
49596949912868454405506320307384390557815267659526900163522795377749503909597
42882469508500229448168404510920432005831857908519030050177659952
423524330945618063641783456770011820809339880553196138069794920529763646348755254302533208
58594273982619216330144746647865274272959161993704396574709831785378298484
055498546870264993340994760599899217967859033368063060800692313268246542
621739682901907352501968243731465254502709806477336858
105963918233109876775131289872869178043973365963490492968492404405708029981340887224461207146
618021887828677080684
508902902853321691796579594090930515008
1180097701591372680664843461983207192222486779618092060394042972619752503532271
8551915900919032077121111037668551034809
175721908800658753998050277686471260053281091660492485509719500927
42109585884658646132011555941238858
9949688904339085031054535165708593747909975391624155042893415224629244144783059
298862855199956254756860505597802032328453903347406175455585251501115002886910326306210158140713
608706493782115610802
5008837
3112731813540566567278482922956314469156206263951295239988094395784607222748882439387919
5225540409509094748237360635565281
1830319226991581427686274071252557039339025978953278143
6411529155319118672384493681698787346294453
6591164700
818995307383240976279287502635704483076808028982971905559059296783024409780640652067
96533215551491556
45621325
438463517450354655120593812377695008744099212387471975418989854595932837703829143913001172
271452463120283947473461714325272385861
325121362292
698209429954579702759403141786299907380118934604454402595471492933532187043885125782112626
7875212132307377884460809216874301475643516074176886693872271645284193150635705108570980295305
654044787649003335377
33998527488297632757860577817271083662717100612968
808724250652712401056029540
148274063687923807871
6626203695709094043
87246978562904786136372716232405225659311799661652762931909228
5857784358863
3743748333874153789812015310806784765695504642644290425146054339868195
925108963649304936688749821544183290651003912475213898860006123691
5531317019206144
59858605423227466738540276675616680136452846882513895339477098056825487630
759872056199329588047248067330024694964
77345244008260714549858605381810326467023904462256530440386119734609320982955
76841031448635389518533713213282225834
462554195475845513513389219627171
7024339308449868719107280674461444390024398986
71143326662193517418
76237
90203696021876706004178483309453240910397041916846909776971866141601468432
652528556478284132634871558183848732770375305716849010384243954303584408042695325180033633987406
274016943440087794856252
159151846644754258249299144124174708795681988015320490053
3636808523413647697800148839971042327226961084158870122
255399299010286287063907625231476175042972262955180340852561220093899566435346
853317938843266732522210123459050623241839411325237904114893285431045941264547000286594004719142882
51960262404165790081486619226314266846898913702156171340848325301
688724851973745628671533475028115751544265798487549860930062388774
3790015705009242595851016597091631711470451173375206679396372846313379978
995307030713
9908234590293
996726223577
93302475510903719656351059278551787693172493828694327
455663572989205867500847066163135449934243405694269351119812615307976016474146311063923533318727
14026844111122709072356694523487013025072274482833190002206287649026370243
54066835232360040821
980220731009993437559825151557218976635401046586154146063108906581191
117227641570683497082467514964125367196582543194133577
06395413269213201928542113818940809155300556372745278837592056494732286
37091914298122480661110108825079707
78499188491982846791668837403353989758537508443961087109424146907302326009691750159880790
904494828312823697307
71075563753467161749588591078884896901295668360002589176778853
268005907
97275822868
7558423877390039667784542838489685202146197912331794145228700821261489312508703849032
21198751249218513239598
685405351749805048246602518417220002193609688219534
914836703
3032077974704909213481364120045318842931796503382951539362672075797105496442525813817993
501953591845594476472216442983262798650569172689624325792270150863121841288639267696947
3282635577351887047013521746481694568980554
1497104958378231673314790830517704806144743834510152367265469869633255693743439566264
28983120796196503854059725080968179875766562944282050796150075026815987010384009
357005380583119568440810808992670093220532507713752430825497157070
224933367
05436512682736572501210413891444031293694877994229631847922619223684141496525562
85121808
396089134879554094479454130217766679877102319989601936987917425820980198825393328479
97272634
27625854804233
7268462167647034888597474864281051870473305228893766
11575732388477026763856940623770474455835366680479842181
0561311
60790959983577029166860628974372010661881014534263813491743935739498271029
70507769509519525880577074316215158382333597736792568963022428695071516553441775961679
7496396719312548721918240047628710266159084844601944982416265739653981129917678721
2690734957225677746953451505789533874092652571686968333345063855548974970866993803
6261797416403755893894025591201058397688581982351
1539793433225336264143039053450854075275328031313686295096671488
24438173602827332218523008545886114248997534153900691598870328325609789811295
0379671329941805678950681240640060665081856186369019235982459438526270437023142952961
76703433781003911795783619445468818302571259667834612234205334566274
79453695801159635581023418839044233676202679225086459703794507876717
002019357533538164220660882104874640653838816327857145034572279895969712509688918292590763710998552
99107415590969034573704787693546893307161709594217419
228945420388884250821125410405383039638648560609744764351979899876145291801625
8071700163930679434971881394712013742146157416443748482636737446807747413195748783459174
736456501776856764420140626072514217467119607976324174699375848139495589378686152037
74426311054728213512153514295842659052736797750307202667323121516072
7076339988706067927422651636184945653912834934238245029860200704725124253330065526
4175374959046630886998055672862501516952053376126819871714007872822184496241511824392798091155201
367564896991540365184013062555450381017625448977095132707642915155434833704310840410
794656245021041429076997770417917439204638811172731044175786522973
311496294320958382070551
44832887264812046259980661694357822319281986745134356722773495415573405953554767750628
7766520504373
980222695596600575164902457528752835434985001699164993308824
690183080033754108267087109302902020193732415587578142114026992088
391928
931624413732690791614975451035
669666151646118266454476804661527526944053214152060659928
6707693660885827886232333649073631653424845145953533477559327
353183230563509136840368253717292354491332767898098448838836161834914031265369454815162
1682027358420534
56896034098145104642135144970240
742351341248679820801193925524663631595658918749647
454686446445287556536588852242237183458850683564038045226455971295510587916221512521546017362
2199964023017170299510532778484680218586429832475149266441082828721637722365022
01168219571900992421389822359219124844301795
412038925565529400169029102081622854670341394695391646841095699769009234914995874300304138
619863509296557695929370955792573135736280154754187060447328861708074266501883187350346043737
176637586987682184134757
