405512 104 100 442
36414 267250
287730 338965
179265 356584
39998 154264
181628 192753
389194 398686
127063 212021
246569 400616
186615 198571
315091 328622
400264 404714
364663 404654
287691 337236
24577 383924
15609 136865
216533 315440
285324 286966
59077 154308
115574 324408
62307 140574
293956 317095
384500 386892
405296 405505
52859 68959
222422 262516
23774 24529
99028 170559
65144 168280
334217 390587
310762 328538
295762 400835
116066 386855
206983 245610
245172 365128
382827 384693
106201 143598
45565 92157
25859 260013
312980 332914
205211 306244
373214 402458
15963 385885
43797 185048
359950 388515
140795 253757
377647 400213
263744 299054
384048 402137
343448 357019
396231 403605
144523 354612
401633 403346
337454 355119
22448 401710
319276 370387
375808 391666
212691 271965
322537 366537
72445 272530
343797 364732
113656 360152
189560 371927
283953 362692
137994 176466
85417 316369
6521 345838
325359 358647
388381 402213
304793 343087
401969 404837
371289 396090
279216 342754
270042 375898
293772 300864
157220 330720
92736 185835
362599 364206
272441 274673
224140 240447
118207 181383
59765 77652
50737 350119
210465 262869
50342 334291
93745 305172
344074 395488
399173 402365
48799 166662
344158 395140
214961 291096
363995 401475
6436 392608
189467 284895
12721 223136
199516 271258
386848 405511
331145 381289
330681 351267
34697 89318
240962 287837
