619015 551 1000 836
364256 575755
258724 406653
276546 334018
263808 384414
586530 601549
263717 503466
541510 564637
259345 477267
546880 557216
382734 494780
350170 536397
196963 397508
15058 160782
463290 511657
364208 457114
30958 230994
334263 544254
286790 451892
65149 447224
57630 129092
592901 617877
335817 589391
392895 609842
529086 570381
413274 608253
573131 584328
286961 413169
16526 214308
87950 288492
514797 572709
561649 591985
257647 340511
164899 344430
497184 502119
529684 541168
253791 370097
144314 496741
323504 545547
92628 146181
257974 423722
76381 277455
92170 224440
101800 258541
18211 516243
507170 516852
585753 617509
224460 295285
512526 542340
585205 601131
18216 395354
554869 605588
10123 464048
161616 393568
166372 607335
202522 355069
225991 498578
124813 540697
115482 520793
339129 553222
171109 251654
347094 449232
528545 541376
47481 261819
341545 553888
24544 604700
511808 553614
173259 542020
113585 150839
493898 573995
598297 610342
115685 582108
273528 513787
6597 567517
122289 591080
409898 467083
202248 357316
346535 427803
82882 175339
328256 428616
416226 550744
265192 510338
271204 319933
377726 567546
455842 585570
101502 227546
339775 375836
155133 232216
198565 239710
228504 589219
50590 203226
574486 604939
41569 420504
598681 604861
231802 283423
297779 383920
192687 251385
189172 543478
466572 522799
422569 533511
221478 326618
257336 362373
140956 357438
275663 303407
27753 471878
17662 361145
482349 580124
481469 567928
20292 256944
233430 531153
299726 411297
378308 593222
16644 253144
2266 76543
105804 144732
204002 571316
495042 552525
602179 617337
356779 589037
117049 494178
477804 496069
437542 440025
416960 431915
282091 438304
305021 564773
219561 333437
479731 566359
288887 424152
314421 512667
474743 484445
214403 314903
24488 105320
395804 406127
178433 439618
329031 457865
262267 278744
577541 584553
321757 388105
586419 600504
614298 615372
120468 573234
150638 307333
329821 354647
580571 610579
73826 145187
481215 558723
502391 574185
171488 379806
29367 475946
243016 336897
480146 589181
261340 581005
28040 124286
569454 599063
562838 602685
59463 492513
143146 455495
90751 385213
455877 512457
201399 358358
318032 537144
364330 598313
503859 544122
404676 591119
516463 590279
341512 367512
308620 521354
354698 465124
140139 325060
396619 545390
581494 585913
359008 490244
110397 187821
417973 562757
301415 474463
204968 399458
31130 522073
354124 426966
115822 328617
351300 594278
201639 281662
212422 260259
258231 596677
334479 474278
131893 172199
23853 109764
466125 525039
220291 410106
415772 608566
493089 599106
438799 527224
349363 454668
252408 368655
338187 408150
433954 527767
431701 610807
2886 199334
585989 595520
130645 417395
174440 514240
461458 493052
23015 176407
584223 611731
61011 177461
583912 585050
331871 616602
104584 534262
46008 348768
379967 544956
137361 334739
319633 505160
495343 513071
251172 584217
83741 265925
607199 610439
142811 346739
335778 558345
274147 278876
608352 617995
83148 218603
609844 615387
234203 408747
207157 430327
606136 607658
387085 476889
593873 605626
448918 474857
487305 601466
447619 459872
32820 128108
479593 547618
37861 190451
75921 247287
144265 354863
559212 586416
131146 169541
181574 375271
413228 448163
411351 435997
490451 575293
481042 588931
260571 382927
331237 584702
42008 387293
202323 612116
352154 514532
226254 334422
397123 532775
158615 325646
410141 543287
534239 568922
439378 439568
170032 184132
106248 201520
248849 350544
336334 573732
567477 590711
9305 259304
185720 510433
73384 233139
61631 574566
604437 610962
615408 618882
171178 193832
571340 574223
131346 431351
511866 540337
418743 520522
52367 606184
295291 361305
367134 511693
570722 591253
443502 554769
566265 589822
50784 173195
342116 408265
574080 585065
217107 244934
552792 580493
173265 598906
28326 535192
420772 422695
238731 575271
148699 466761
261023 555445
413074 557541
569470 596604
51851 347467
253414 369549
172745 474683
485430 519235
568854 615306
107097 459221
306262 487432
309385 375393
461158 591919
605031 618844
605926 615402
435107 526136
538559 597303
512513 565711
9125 99634
377129 393389
389945 520597
400193 406233
130979 520957
68991 147810
291902 605546
115289 137302
469982 616650
950 172800
243886 359398
270711 602806
289994 590423
368441 564618
583038 591411
405695 571515
540748 615812
76357 515592
392591 608222
335336 433422
595796 612990
455263 488880
543857 599234
404603 449815
45905 349150
561646 604919
256342 582239
31572 479469
317743 345063
257981 369157
403544 487675
397153 418583
41402 65004
565925 569370
458293 524573
591410 597172
184837 495005
102800 127657
574373 586343
552879 565583
1717 422696
603784 616543
80916 130873
363484 388679
471849 525177
429886 482294
485219 514393
81116 268645
78091 386514
613282 616822
247071 562254
523790 558975
402779 588770
484222 550591
301423 342545
487425 617582
359306 418284
44806 336244
268348 494481
236042 519387
105685 357606
483991 495345
297845 392562
97930 205038
143801 451500
184049 416105
605250 615834
69205 388313
300733 538965
420852 474380
125505 282971
358502 494801
114993 180601
76395 332795
162646 162890
402926 410169
453678 518863
437423 493593
167657 335262
4819 224707
334778 403501
449803 557907
456621 549178
541912 566381
96095 530444
618087 618256
445843 460354
187146 240022
126234 158826
583617 588899
58276 407282
550536 552572
19731 56468
77842 177142
140877 463151
265112 417876
503678 617270
513706 547001
58222 608283
229457 410079
279739 295215
51767 225599
465216 552967
183078 306992
364862 485947
151804 333246
278880 498369
57603 497082
592912 600937
342723 555512
276377 303743
24655 554339
382849 464678
578635 584711
27614 356180
198812 293911
210882 390747
158252 442051
597870 607782
248957 400387
180125 583594
107034 255703
533645 558488
323997 393614
38104 392301
94155 256660
77818 276257
169259 568758
479682 566112
588492 611316
194973 464277
114407 157594
542611 591062
7820 540603
318682 436846
385838 599681
400561 553784
58274 163741
463020 492964
364767 401482
351792 476601
75582 295862
350045 407675
371637 538894
71052 106739
160766 551516
145043 572598
581566 614505
324410 426263
299695 544864
617663 618832
190090 496763
109162 482172
583257 617178
580599 615006
477062 570784
39341 140318
300855 448410
202709 514181
226002 413432
80886 366936
376016 540744
271702 542578
567429 617629
274112 562059
450073 574558
36120 250119
522133 576008
418059 530082
598087 603521
132058 208017
444510 487429
214967 244761
31506 478285
55950 185486
248757 320176
559459 615472
395217 497021
532068 557397
84899 220211
359542 374235
300837 321179
386329 510097
305120 479930
597673 616789
148739 286689
144501 418246
589952 590092
123905 609854
156816 469379
5832 43623
57413 575061
17638 289692
16714 613945
66192 415363
290051 598647
281173 370654
423368 588321
91557 581276
370455 419072
411535 539252
475345 524168
550143 616452
261717 458669
49630 554554
589020 607987
563064 596885
568728 593848
229409 302118
285166 342760
186794 473987
111662 161361
375366 438351
408034 513413
29977 542117
484456 583402
114478 559010
179378 268405
446908 614296
355505 557195
590239 602860
527973 555290
473157 496938
554089 608130
373562 557102
332001 515278
434885 446346
80098 571982
373625 543074
237293 609505
237457 408199
560275 592185
498125 561343
78954 486528
85210 303230
264266 371024
607382 611898
260815 283872
356649 488995
34962 103474
556592 608001
601175 614240
365848 500495
367424 561176
271387 533165
612904 618243
140537 165940
336925 545642
250044 584806
63305 593096
351923 481665
347292 597342
87528 229328
442001 458693
152171 163984
224657 370205
495718 529549
437853 550156
94030 456050
262521 383881
17410 195819
378646 379869
501846 592793
448006 517499
225859 430385
293047 487432
37849 214734
6463 419465
60045 441878
289612 401455
75152 94609
328502 618853
16802 309420
539844 611915
163757 557542
333791 520729
515492 551238
365269 502405
27986 330925
425878 592598
221007 302467
565268 591156
389254 443447
567667 607786
470950 491483
530238 555929
348512 585371
96369 384946
85085 279693
592912 604714
125232 203180
210106 478150
439354 470663
339024 487174
492963 599014
119579 208962
56773 227154
280753 432556
542155 589868
292013 593273
332170 430521
98713 228634
23181 175451
208343 377381
360438 470264
343346 432880
57795 543184
430972 598988
184715 587492
489174 528777
482561 615621
461370 585243
138839 289307
426425 514193
15079 422243
151830 444263
412630 603541
21095 28099
379808 550854
202548 474012
90961 250266
423091 496496
78746 252348
453675 517184
556535 581790
130020 465227
485679 486236
459139 479017
601210 606698
169433 321801
119419 606540
130043 556966
211934 238965
469442 544125
580011 612151
408970 423065
356189 610591
383071 571107
50307 259915
456025 475473
593004 615306
241353 566266
301488 383650
82937 608473
502506 589052
413659 455621
495710 508864
111596 244071
246490 308647
455014 550945
592507 593600
487624 562076
517472 607001
372728 511815
264753 390849
316754 476842
414782 422171
227553 393134
476849 617071
502564 575383
221490 428778
349020 456571
157833 359848
208468 550057
186957 527281
289271 542040
594013 600114
427698 489453
607031 617251
103759 132988
442617 617799
506384 591846
408697 531209
327928 475332
32609 523086
320308 405080
270458 512983
100988 593700
361363 403868
537280 547394
191658 220817
501512 600220
164961 518789
514248 521455
80555 253758
411168 559395
618601 618621
614016 615286
232267 598539
186912 424944
100927 453722
594371 604366
549590 551388
506856 560555
354067 506896
381676 604113
410037 569568
342997 382682
358013 466933
133718 183402
499943 617347
375523 617491
151755 487420
480148 567709
526380 577303
196849 315462
614895 617171
553903 605102
192096 388758
215651 458128
373290 524740
169067 230796
120135 608519
511203 536996
461312 504839
423026 556548
411657 531545
155745 158261
230853 388758
174876 455560
68866 93983
477971 507850
579999 585228
116806 521345
439407 492795
52015 58114
254909 278759
65779 80858
181636 465372
296857 319420
145893 564500
99112 507440
165636 390703
545051 584044
337554 368826
55644 322550
132337 291348
109960 256896
354660 545016
384809 393660
36026 363079
416011 490124
96969 167792
343231 589240
244289 293546
293091 415147
308187 354882
465536 568837
355635 394038
109109 150612
134949 145327
244683 437711
347228 586237
517273 617066
438593 449725
76523 526569
262204 617317
542048 573190
584080 614437
173871 305790
332197 422000
519703 562816
337873 607935
366743 540048
80850 444228
206639 422121
411876 433664
528393 529995
393009 617188
45364 514571
509905 612548
17739 71480
297897 580783
548115 583340
482148 500248
320148 459057
425866 458859
173824 232359
616882 617572
414645 478431
404722 567764
456324 550898
352452 377280
564210 586856
578373 608362
313165 395469
14193 384406
122236 395464
304575 494296
382876 443409
180732 276744
618511 618682
117636 155352
249915 596337
192576 559339
484145 614471
426729 583015
211107 213853
320616 360988
541569 568884
256145 475101
541139 599853
46389 302291
481358 530609
139432 220920
312831 421648
490300 597111
151233 348141
411701 546727
521553 582217
170939 573899
67851 541711
4080 603661
279663 574041
603853 618905
133181 483282
251518 506506
252870 434637
301449 588755
142060 443436
314179 570000
294090 299923
131758 529253
266423 564604
342612 475060
319156 558696
167313 230508
332630 482844
570828 583505
509098 509694
174982 367009
170924 432874
266061 543841
404879 614504
77386 430452
598845 606720
15702 197614
30485 303217
365874 379295
522901 549212
416103 440671
104544 204891
432879 447627
71990 520167
410098 422049
35110 172785
59916 419309
39039 397915
362843 608984
451928 514205
15325 165772
290378 584146
417623 573135
435613 487253
190350 365755
251204 327677
499549 597146
227412 597273
276818 394469
359873 534693
609799 613713
223469 443156
94714 606720
565298 605807
595798 603385
104057 537115
330676 536913
505076 573721
237551 516610
350938 609524
475326 585378
3684 582189
264161 547202
438624 457978
15486 321680
587254 616824
89464 268689
377402 608003
372337 430704
471039 577572
322303 430700
335413 508289
376547 499749
295615 407247
293834 474709
431570 520861
399936 447623
18210 121777
179218 280976
480562 515395
208005 521757
125360 336847
517483 579541
484762 575716
242306 490537
287446 290266
137593 340700
302291 523612
304560 542856
547995 561804
439180 461890
226786 537628
191774 317092
107273 413493
117330 558192
507936 604314
467833 512215
388790 503578
331857 378585
612531 617998
411797 577916
27210 232636
292898 460768
57261 424699
221696 386036
106181 208033
609729 611351
605764 608308
34627 551130
319422 506410
595990 608575
348495 571341
539702 595645
17555 404374
105675 106935
549582 558252
537845 596066
588302 614060
361376 562718
63263 607379
529138 545381
549359 567892
199791 290309
497360 589165
529377 550034
202774 500824
10533 290960
271628 312497
610294 617583
486690 586160
54487 391622
385166 575905
452103 541000
377783 415578
325748 386580
528639 542806
187402 556068
392882 473476
326813 332287
545935 574423
151647 257376
423680 450700
256485 289100
28382 175506
106008 299571
42138 398266
379424 481779
81429 262420
103432 221756
495370 556052
39498 272642
594973 595105
233898 485002
279442 295363
507614 510649
41857 373011
384209 523856
155892 344649
154955 344876
348143 398913
403346 609843
166385 577248
241148 405415
303126 423926
269366 523291
315090 529006
378404 520480
180987 477454
10721 557295
172995 479571
546489 550605
520959 545536
94240 189176
385438 415993
537576 594384
135360 185664
47717 361654
589651 605217
270004 371055
524186 576805
139510 144681
335807 358125
11573 470070
211251 528471
45701 58307
253312 270156
91586 164023
107293 368470
542760 615783
355125 548118
