631873 463 350 535
245498 258400
35322 109484
82886 167672
27499 586628
284290 536259
455672 584592
281433 389838
110169 113800
75447 408240
290519 340948
516275 574865
357931 582306
356382 600560
392418 614001
404246 466933
239017 382419
517539 581454
179544 306298
36200 65659
11169 321563
315200 372611
182447 298343
622831 628696
195936 342272
400660 607631
398922 420315
404346 417576
358238 422856
66681 609186
74133 254253
283744 347952
557438 612184
293451 594561
122767 342543
26796 130608
43868 179318
220948 589939
605772 628203
388125 415971
385322 525723
289209 361370
123542 551315
93122 250444
76459 590429
109011 443665
534793 538388
403951 570781
571003 605788
620589 630358
566286 622334
235981 437982
165233 347557
597084 617415
440872 470850
476412 516609
346882 595347
135400 236457
174746 351023
114816 315224
176268 379732
143188 346277
379827 438216
125741 391220
42301 337298
372106 447611
621289 631685
423604 475229
168248 474841
46984 206475
57221 358009
590574 595461
306896 500939
65985 112914
196331 263667
125740 442133
323040 573882
192008 623424
355035 458185
157613 559471
107193 424662
343585 593289
569937 615415
134908 307630
299202 402061
325742 442813
578755 593669
527123 536101
34526 535699
590404 627357
502242 611004
583033 631738
372589 620941
523981 551350
228136 271168
35665 73769
44451 172508
629203 629603
414628 591438
451366 456248
51741 545406
306346 612103
394179 532057
399254 551006
14752 561932
390116 492066
93144 489551
184751 291319
229822 298081
160269 247645
574959 620506
475609 477330
331513 581500
108582 580696
486859 615309
96137 186305
398959 594413
101557 484592
14564 121279
593068 628565
129568 294186
222713 393181
163979 228566
226784 289273
286923 330687
147273 207109
92929 452053
566128 567502
281683 606226
250508 517239
103641 191597
618732 630483
348758 466635
115457 609080
146975 382823
412022 450526
224250 246911
202002 260676
307544 339601
441178 577029
178173 491187
138386 498602
306827 420632
177876 252431
508180 534003
443841 536222
555623 608653
78210 359243
204802 516095
501027 534905
216051 293165
160477 459199
82353 520786
606929 608271
309208 343621
430792 583917
450004 511630
282688 589721
125137 567819
601659 611325
547752 574075
572813 600568
45385 432712
215325 595527
54490 175855
564708 589450
10678 155296
362690 418923
248046 413027
162803 512485
401333 416859
78076 91979
522388 541604
113036 183427
180691 425184
465196 544076
209312 341053
100327 124984
109427 258513
566088 590426
451534 534319
532969 598927
521715 543484
629525 630464
36465 372948
218956 526106
292956 625049
10737 72154
157868 629588
533919 544954
182878 603981
446704 625135
395918 536641
441951 539037
517134 523183
380769 460983
121587 242812
526151 620793
465968 522700
357619 362834
61590 578491
442003 496304
308497 397112
327302 629813
541156 597939
215093 541637
183905 333063
197744 436793
521 1751
315483 522950
438446 530518
399512 496583
23785 229451
248497 492470
233599 289859
207708 549105
586703 625905
24626 345779
522268 582618
611969 617442
302257 533405
605210 630694
126575 518366
467492 469114
484095 602364
616207 618902
281119 364000
513027 547721
584167 600750
455 20661
612386 626373
311092 346828
620267 626210
488187 524423
170219 448538
472772 482255
520595 550719
8519 147041
275689 430152
54308 286502
213775 598064
551416 614552
244790 329870
54532 188717
479362 592789
182571 384739
602012 611685
167774 321984
364750 529035
91619 391224
145024 407003
9252 491124
328206 509076
6270 202379
79072 601782
235228 562890
429897 548388
585227 622475
326206 548991
127708 270266
441832 560783
223263 251139
535733 543346
333027 372626
503746 627418
131064 190451
179753 280643
211905 443888
556338 621456
620843 622633
188874 214128
610863 612600
586810 616159
554672 614698
226817 452820
210592 410176
624467 629140
626916 631751
245998 485229
364760 559340
111990 298653
69294 195718
510207 583767
16425 413252
383919 512379
19099 178933
458448 570413
94704 296917
601766 623583
46775 570033
550214 586600
567842 627476
54032 97715
405474 567478
106861 321327
475240 557601
173616 476914
102078 112744
425734 616866
280525 495827
245783 404354
598547 603211
368999 620081
344718 505228
214417 307229
401765 476479
275324 560320
563151 624943
42101 401411
568081 622606
37446 406431
260461 584979
628931 630820
346619 602243
259589 304542
280308 614556
449676 618582
439092 603907
436073 603739
380734 548441
392278 396626
358106 438911
193962 550078
291904 304982
180102 256115
35940 345544
462019 510667
605223 631386
193713 316769
497363 508161
215965 362973
403700 492553
331776 626298
309740 570558
18519 289215
117517 622764
210749 536276
483525 543749
88013 495621
541548 543487
445680 577122
12388 103426
546911 569207
430111 591496
168259 285977
471303 534001
515358 591748
500708 576561
222246 525704
390588 510067
360188 520403
