737717 339 80 476
658249 699350
631244 724364
596050 629768
322614 466822
686874 733870
63943 284631
23755 686213
66756 686495
96667 401174
208959 245279
308839 517601
657969 715166
609023 627732
279838 331284
458481 645362
298470 300808
402179 533218
292056 352588
594390 692283
205560 399407
36149 79245
206547 276313
702975 722183
668664 728807
33638 351526
532438 549515
376072 570994
177026 281676
212169 292328
645822 664899
16236 258410
681548 701643
112415 607977
724007 730807
468165 599629
737288 737381
431436 467842
377212 434395
659151 715010
319261 476388
191870 540654
303673 403658
481836 517978
610653 719893
528131 653959
580018 704184
512792 547529
185820 472315
566879 716592
191328 329308
469410 651740
355972 716152
374651 458375
193407 334520
478109 515777
352282 510515
202699 282451
724853 735291
670849 726884
698905 726534
594083 672942
170773 252259
137771 696670
478849 666651
68467 115098
375796 456519
578183 729977
227292 636856
115405 199685
253299 552363
513982 732170
439819 648419
41891 488070
81185 652951
440215 524325
359315 523350
240364 361766
74093 406753
244481 273929
518749 694480
