892371 682 800 189
454281 518799
855062 872100
774727 775548
591844 667018
727212 742130
93239 409880
167515 878762
303069 857580
711311 750519
273996 803518
682111 790958
528265 708396
731856 776495
168576 482745
80556 519954
22645 123746
743201 803249
214996 342522
836552 838495
141037 830063
810596 814306
362995 634542
333964 727377
346871 850884
140020 442460
285114 290254
153436 481099
103012 266557
107795 385380
359054 689174
426751 676516
634271 784149
632312 636767
281023 783055
125155 442860
509474 538137
250736 877057
323866 515503
890767 891402
769586 815786
762740 803636
83489 255471
128227 780590
495908 677344
610557 856423
719486 796973
790210 884200
763093 826466
801031 858598
671778 851013
68808 789254
665324 812545
13176 594483
688368 881010
534000 771521
808920 851146
587461 630412
372970 804184
77179 599611
849136 882211
627109 740252
80132 630390
312153 464977
717969 817485
195144 389693
283648 609301
388593 700678
888940 889141
442972 583244
355525 698083
802947 853473
860917 877234
770875 838753
737721 761015
479001 493515
543234 589470
57629 580434
287940 831248
574834 883603
25945 229796
217572 750075
180371 257878
760634 762145
673546 849908
799144 835303
887699 888321
435784 666875
628745 842131
256179 271563
119120 732772
705726 779854
187889 209856
715408 759883
29683 158704
102780 825976
131190 577984
530469 738922
778368 890503
867240 891099
876457 892140
421615 766548
108349 832238
61343 235646
678973 781223
8953 114810
123705 198230
249159 669136
328977 345868
52060 856766
301599 789623
42774 645194
608134 614228
600664 669834
529763 602225
222126 831596
220014 541468
190548 690786
285824 315589
260287 712989
694018 790555
863884 865331
486060 857975
692292 779344
126977 831464
306013 397046
882095 886913
605671 704137
128334 634422
417554 837531
511775 597871
760435 766711
884004 889459
87610 369441
576408 637417
745795 811785
404949 580200
524864 562254
636453 763619
553395 629205
688322 744524
753016 833479
269795 745286
798178 870665
682836 843538
243695 722594
822094 859556
237092 355739
287333 702787
523416 816547
863319 873224
777400 856544
882339 885488
77124 168153
856272 861970
496591 537077
455770 555753
237009 654234
743744 883900
187812 751600
371924 372156
790695 811949
410902 764655
270017 636062
883760 891047
682392 743409
131927 359540
615000 700671
503917 587374
164413 799060
855342 872946
502621 593717
545494 705626
32603 598577
763041 820862
537101 742680
503490 872482
53095 322257
299362 400143
385094 724767
757360 867141
553733 702173
361091 473342
309681 597637
834358 851563
69363 640633
855628 882622
216412 832086
385362 697027
384371 605005
53168 889496
18289 859175
215833 742980
84021 561657
517982 608431
865811 883495
304230 429872
19837 80016
728401 765107
230425 497575
480851 611887
802535 855404
793615 845384
488127 705238
249605 799358
817802 854693
756717 760041
343968 815697
576906 651964
501494 617926
771715 780270
843005 879635
191066 684739
771669 799106
748009 827500
720386 850904
411884 818886
451486 611037
786068 819825
21696 809164
462556 612645
231202 724821
471991 852205
448062 596342
842089 872409
313250 629316
201543 713570
700310 800596
740343 858453
755903 768407
366189 523598
472799 667795
727221 746021
791656 828729
511524 840074
718705 813713
17422 401606
414220 815490
676802 686595
659014 880698
680965 794516
584772 823503
509531 768278
753580 833654
170316 440973
475271 579253
773395 834936
336610 636029
216394 334794
386447 469960
607702 881065
258474 838528
65900 753079
875061 878879
356175 762569
568714 632334
832942 883537
111892 264324
842497 847010
782032 790480
636400 661515
174470 390084
300668 845885
277627 564352
794157 878427
670648 820168
281448 726612
86978 830220
417147 681149
292713 408845
82801 524814
717806 732613
97781 510061
548856 746762
299960 435882
106393 430007
356019 576760
30928 206882
516297 818144
643936 874579
415544 514593
31434 74810
97334 541452
556190 806827
609258 694389
870686 888298
669340 796306
842292 875418
12881 72880
148871 631678
592007 597768
831238 832763
506633 866293
148985 618208
640899 671470
629065 657236
695938 865003
535124 889846
520448 581234
531307 860741
836715 871404
354871 385813
753957 763365
65029 177811
760081 765030
174866 189243
396130 471330
398929 756154
434192 879284
444647 793600
874068 882661
395938 855301
76288 171315
747416 871629
474267 487006
588029 622089
514254 696197
195900 649998
322839 511375
497282 544477
59310 740069
870772 884078
201007 809199
748598 835653
814587 846546
794898 879965
77917 121776
620781 842079
684444 874797
509428 861365
176798 794171
708109 865702
452386 702804
353881 845199
131588 398245
541996 810240
36029 622416
413919 717918
680549 760854
169986 310435
96320 847990
869158 873294
179137 591279
316275 703642
801667 891810
450192 560228
453873 632063
787090 826454
804118 843243
673844 677030
154933 801848
634431 821129
479090 820152
39611 628336
57722 811153
654845 845391
86387 524715
447589 868178
762649 854467
456446 717249
792153 826029
663851 833790
51459 122692
65750 72662
340648 709937
552866 767933
687709 788031
686405 839024
384953 664572
508525 606095
147554 665556
540994 774948
487 125483
292666 826092
297280 433942
525888 612966
516698 854288
142671 883684
677518 864325
349348 694526
782812 789561
133396 777299
721024 834077
388940 709139
320919 722438
690652 707824
375988 636040
490221 756857
810700 811666
223367 453557
877884 883262
311637 831455
109808 653274
297706 766950
327367 482777
20052 523693
521698 792784
421328 835451
858349 888390
818314 867078
830380 857471
842460 864481
854730 877973
4652 740543
505054 844127
415109 437545
579033 786015
443041 884989
85870 751638
678201 868127
100577 800581
497947 610358
842081 860886
174231 780568
199814 750286
138685 819291
212634 255988
467444 759986
26357 313409
54041 888058
99576 439210
558270 587606
886812 891165
846999 869619
243747 532111
654502 720638
877838 886464
182822 387513
702359 861317
167085 420457
147799 766012
266831 267970
604388 619513
717187 772512
718672 825435
350114 658820
714618 859785
467126 491506
859258 890925
168074 380768
805741 806398
396613 608965
32687 419188
579293 690433
167459 561045
650741 856022
52604 555926
464337 643587
878273 888557
244919 389968
649112 752682
536644 653212
431767 433358
178366 464072
675550 712184
843497 851445
409825 535344
714243 773904
872652 887544
409473 602117
332260 429831
172098 606015
480768 679966
218244 289901
451228 496017
481924 740533
834434 856414
146535 344948
583685 766779
118080 181628
98311 206740
364771 764490
604536 736242
681964 864776
848277 875485
468912 578877
799382 891935
412856 552005
181761 516042
686011 707113
722485 816178
103419 673351
500727 551939
35288 636265
467331 502509
765566 831108
359612 518234
199409 754194
692554 735489
826005 877894
239611 370941
113153 848867
647360 777992
697932 827964
769173 787787
681191 746007
441629 739138
435967 771635
144594 150479
139017 293369
703395 840529
497845 506708
158317 217000
428623 716928
434089 643006
315277 802601
163297 443976
421186 564623
569642 593013
529641 748321
15465 713590
95672 540913
770098 867548
30543 886128
466655 499512
100724 712771
340267 591897
485291 717591
332254 730740
643140 667620
23856 742299
473898 887323
846210 848605
373887 451148
370179 620983
55074 408557
310886 854974
90806 130763
569249 832059
131339 588037
825271 841722
544676 557936
222736 301969
255030 736811
476446 757387
472822 700999
96378 601885
464251 657120
139827 398620
665175 823672
866591 873023
318478 502374
123912 297293
107299 413714
634064 879344
885897 889082
393516 628093
871856 880268
640944 695115
26560 849705
435412 887388
469834 847153
306595 313958
545429 554629
242904 689323
385102 648510
814397 860524
55658 167656
762971 877375
478484 875122
258851 348415
719305 848013
311877 755466
722170 795703
332793 582413
551454 714027
31213 398316
817241 817736
623548 822482
15129 201110
348440 637935
554319 759629
168480 310276
713451 727616
138816 592829
450726 723942
103519 108750
368675 476715
768590 779428
796129 805747
628504 710653
767897 865821
646066 837581
406255 592230
286279 697476
385164 467736
770563 795251
21835 583838
262932 374390
684465 760935
822352 872611
202927 864740
858714 870516
750653 776408
416455 625802
570318 736797
608360 726063
711719 826427
194058 604399
796868 882789
594191 669289
201656 408853
493088 714890
380505 623645
322662 619541
774412 802622
816933 877339
390089 814211
626365 634500
421065 884356
638604 870481
890817 891229
825939 877833
723068 795112
195570 446777
796994 853401
63226 270011
579346 609038
332862 388700
134123 187542
192143 429628
306057 307329
70083 848972
481499 891431
719057 738049
743518 785436
610009 857148
421250 718041
10386 298980
257588 860912
82147 612371
96095 231781
505210 788860
532719 734334
715465 838004
480720 678480
710632 838260
157252 226596
620148 640729
827586 828071
112970 806601
501325 675534
364322 543176
176883 708488
780945 815373
620783 661236
383762 616890
248494 536389
10705 343569
160901 720973
489330 876774
638637 713741
321756 467821
155211 889277
433023 527412
864775 877240
114655 227012
374931 601207
409849 716841
575991 867227
63207 361648
670607 876646
494543 584585
626395 798090
8643 224085
253127 539646
606224 655484
158957 444542
638771 801878
268261 742635
9296 25438
115791 874821
158849 745666
367091 634301
294795 395024
702010 824706
559449 726800
850500 877647
365672 862342
183487 354974
240964 411818
763351 869655
470606 830403
444693 495410
162587 312402
405017 632580
868231 874042
27578 107016
768020 807502
819965 875242
207507 423984
139503 891301
103518 300738
560564 814945
49701 850196
607052 761902
114366 534494
510320 708213
671612 812467
60761 701887
137589 709124
473602 553079
266523 278136
630206 892146
174375 212208
217065 642707
560152 781036
480810 760185
796050 865488
660380 758372
214358 614697
540273 702597
418503 589723
518436 776671
408707 791254
879444 887372
586099 719981
805838 885318
418405 612494
44294 574472
81881 346221
424356 804552
839062 846905
220837 696255
683258 685188
619061 743147
748280 835826
859850 884400
132549 327623
386853 449075
328262 370327
320447 370526
780591 891051
724668 766189
639714 640874
796151 803175
638223 654176
76294 552704
616026 700049
775911 803031
259729 438901
463701 825085
166309 444942
566028 713067
514031 653552
109367 443794
139821 255753
800478 847573
683753 890108
379704 556436
607153 768108
302692 457073
787301 825906
302821 326416
445901 688940
684253 708225
10248 563839
204143 204502
157765 200319
535353 629953
123640 202688
653628 676105
331399 554572
374333 628418
82468 662960
639217 853431
233360 526363
54597 214079
455059 542935
442582 491625
488840 646199
252841 259340
42987 215160
80543 260489
782354 823038
333316 868316
157654 534594
349820 629563
215152 793887
88958 118305
266695 422626
512399 768370
383360 669144
368081 648332
853191 887408
92035 311975
429953 854865
608022 823149
236393 440116
242276 680866
379284 887033
93841 863935
763511 808905
605153 702169
621266 861471
767946 870606
100484 734976
106070 519630
892210 892228
18472 387439
703527 825612
